5038
7068

7934
1895

7431
5905

11981
5483

10504
2868

3697
5758

3613
6388

8108
4372

9594
6464

5752
2624

12217
2834

8396
5433

3250
5546

8911
3170

4742
2221

5190
2907

4326
5950

3852
5610

8668
4500

8345
5691

10542
1926

11629
4165

8795
6406

2829
3682

4684
2333

6440
1835

11652
5329

3223
4835

11662
5983

11175
3869

9779
1878

3481
5302

5856
3810

7784
1497

2747
3491

12543
4762

7558
5152

12148
5876

3148
3080

6061
5663

5887
4506

10778
3673

6152
4192

12207
5732

9390
2160

4560
6802

2634
3560

10107
2272

4909
3139

9958
4928

4112
3421

10436
5415

8504
2889

3870
4145

10979
4647

3354
3242

3642
6292

11152
6663

7306
2235

5283
6547

6266
2005

7293
5504

7766
7062

4943
5561

6228
6174

10629
3803

8642
6054

12645
4411

5398
2076

12999
3880

5384
6208

6619
1695

5862
6878

2951
4462

6978
1524

7167
2447

9503
5522

10589
6861

3129
4617

5156
5730

4256
2373

4688
5427

10913
3039

7532
3224

9275
1652

6016
3510

11805
3327

6372
2828

8178
1505

9219
5781

6731
3833

6557
4256

9667
5365

12110
3034

3517
6185

3791
3789

7585
7476

6116
3006

6401
3746

11130
5386

6901
6957

11902
5903

13005
4202

5481
4681

11230
5771

7425
6263

12273
6116

5051
3507

5186
3072

12634
5745

10281
6634

4958
4995

12453
5039

8370
1602

12826
5486

5685
3070

10548
3460

2381
4425

3734
3634

3628
2552

2403
4153

5644
2150

5680
6256

3804
5377

7912
7441

3067
4145

5168
3337

9662
7061

4751
6608

6752
2886

2487
5084

4749
6756

12616
5528

10656
5110

5859
4329

11494
5534

4661
4677

10249
3893

10681
6467

5029
2347

9744
2023

8930
4905

9066
4757

3294
3869

10793
5349

11309
6746

8080
3193

7566
3697

7854
5551

9207
4412

11348
6625

8454
1504

9084
1568

8132
4137

8895
1717

11519
6528

11673
6185

6436
5780

5926
5509

3829
6213

2862
4968

4774
4252

2843
4664

9686
5167

10361
6171

4242
4336

8978
5998

8472
4347

10132
1868

6222
7190

7281
4431

6353
7395

11763
4557

7582
2816

4667
4879

10427
5213

7537
2432

8742
2167

8191
2498

10970
6664

9089
2182

8843
5404

6460
7110

10121
5760

9146
4062

8828
6730

10189
5062

11081
6004

12699
5406

10339
4109

5338
7155

8509
2419

11526
6364

10304
3660

5108
2764

3331
3721

8838
5223

10391
6943

4053
6262

7634
6883

8235
6441

11054
2244

6708
4801

9369
7198

9884
4734

3835
4351

5686
6585

8897
7257

2387
4537

11070
3607

7990
7050

9843
7239

9847
2706

8181
1634

7363
4044

6081
6754

9834
5829

5764
6065

12904
4583

7736
1615

3143
4969

6169
2290

11368
3058

6545
1962

11309
3743

7203
2779

7826
3892

4794
6457

2634
3656

7652
6360

5450
5624

10460
7073

8489
7339

9376
4888

8977
4301

10114
6517

11016
2725

7386
4804

2556
3865

3384
2899

9258
1805

7901
4964

11218
2380

6817
3320

13120
4273

5104
1903

4748
5770

12654
4169

7439
7190

3227
5266

6190
1704

11038
5217

13055
4010

12402
3305

4020
3627

7027
7474

11459
6065

10847
3300

10276
7088

8206
6597

3325
6155

4813
2903

3382
5732

8849
7126

13055
4878

11847
2595

8286
2325

10886
3470

10807
2622

3231
5813

7602
4962

9272
7340

10497
2732

7067
6322

9254
5326

5941
1957

9609
6063

2955
5843

4278
2244

11982
2660

7470
1824

8926
7412

12927
5143

3102
5905

5488
2534

7119
6611

12497
3414

10629
4347

11310
6178

9672
7295

10310
4860

7171
7351

12876
3567

5673
5709

4593
4540

4836
6144

5975
6408

11765
2792

9888
2965

8258
3917

8653
2546

10148
6020

5454
3891

2589
5275

7763
5401

13130
4441

11857
3166

12843
3952

7226
3893

10754
6012

6932
4039

11912
4203

7782
7504

4168
2646

7340
1583

5034
6394

3556
5888

5948
7052

3184
3545

5277
1917

4821
3345

3971
3983

7746
5892

9496
1971

3803
2458

5983
6194

8191
1811

8236
1983

12654
5286

5576
2777

4167
2891

5617
6753

5415
3220

9689
2169

5036
6610

10011
3171

3536
5012

9887
3963

8541
6838

3568
4052

8745
7341

5494
1892

12092
2743

11235
4721

8474
4106

2444
4047

8878
6937

9279
6095

5786
7277

11210
5587

4045
5921

11828
5236

7339
6705

7161
7043

7236
1929

12406
3165

10749
5519

2765
3390

6661
2490

9581
7201

2533
5185

11095
2129

6960
7185

10902
3972

9038
6232

4490
5297

11448
4979

6391
6332

7052
5890

10465
3287

6838
6016

10806
2467

4283
6677

9549
4432

7832
2363

2808
4126

8257
7172

4512
6610

4504
2602

7585
1506

8425
2722

10681
1997

3622
6069

2517
4219

7210
7223

11908
5729

5560
7243

11434
5378

9109
7390

9502
4676

8002
3427

12113
6252

8875
2948

2687
4019

7270
6473

12385
5352

2865
5227

7799
3200

3948
3224

8943
5743

4566
6151

11979
2849

12958
3764

12532
4898

10568
2246

12763
4300

6899
3120

13086
4779

8872
1986

3629
3906

11505
4696

3743
4677

10850
4429

4628
3999

4152
5362

5676
1992

5726
5099

3011
3980

4594
6919

8527
2086

8488
7453

6364
4723

7234
1697

4844
2009

10317
2201

11767
2508

2621
4669

6999
4593

7677
4364

6696
7311

4628
2037

5063
6777

4320
3559

12605
3224

5322
1805

11302
6348

11783
3512

6966
2362

8803
5046

4750
6981

9078
1865

5843
5884

6998
1885

10117
2827

12214
4831

5735
1830

7791
4093

11188
4880

9217
6587

12339
5925

6691
2287

4396
6835

10408
5642

6478
3432

3877
6494

7645
1959

9454
3787

6542
5200

7841
4558

9449
1646

2490
3950

5937
6581

8825
1553

6588
5384

6874
2731

6519
3168

9987
3466

11377
4411

7639
6610

8585
3165

4867
2573

10248
3463

12172
4145

4936
5882

12679
3542

2799
5578

3368
2800

9297
3549

3023
5335

9984
2103

5494
3416

5244
6084

2527
3759

2425
4946

6515
4071

7510
3003

3755
2645

10615
2397

8912
2509

3485
3437

5864
4680

4126
6525

4312
5756

6146
5874

7974
1647

3999
6388

3560
4479

7503
7340

4466
3864

9501
3331

5492
4324

7130
5731

12943
4968

9817
6311

10772
6690

6188
6902

8760
1845

11679
5632

8206
7367

3214
3367

12461
3554

12803
4858

6573
7421

5936
3328

5527
2955

3808
5993

8570
3557

8296
5932

12514
5875

5529
6887

11938
3647

11056
4212

7502
4217

6110
1860

4423
3708

7777
7352

12624
5170

5547
6419

3576
3140

5019
2477

5912
3135

11858
3839

12156
3160

12100
4670

6130
4844

7486
6083

9523
6822

11727
6320

10332
4479

2957
4781

7067
2144

5336
2217

12673
3722

10320
6403

9773
3368

4559
2424

5312
7003

10895
2850

5177
7122

5198
4218

11580
3881

8117
2692

8126
5531

10643
3005

8633
3354

12360
6016

10007
5271

5978
2109

3187
2895

9457
6273

12404
4217

4542
3447

3829
3418

11157
2535

3863
2923

2766
4242

9478
2411

9441
6994

6995
5346

4437
2750

5695
3535

8614
4689

4932
7003

3088
2994

5235
6881

7597
4657

12411
4639

9112
2695

10717
2167

6227
1601

6141
2686

8411
5255

12946
4478

11882
2973

7045
6828

10983
2388

8416
6211

13124
4597

5514
5913

8679
5600

12139
3302

10297
1841

5923
2469

4463
2117

9962
6973

8137
6290

5198
4741

9609
1753

9193
7072

3106
5998

2643
4535

13008
4110

12447
5765

5359
2375

13008
4701

12157
3809

7151
1526

6249
4447

10913
2157

11315
5901

8628
5840

4935
4725

10600
6320

10825
6826

3166
4392

11264
2893

9601
2902

8289
2177

8971
3918

4143
4483

5352
4507

9761
6877

7870
6702

7020
3455

10449
3153

4939
1928

5944
1655

11105
3124

6404
1683

4110
2275

10619
4837

11841
4009

12312
3706

4053
2462

9363
2566

6930
3632

7551
2627

9287
3207

8923
3584

10409
2610

2585
4406

12446
4013

5424
5313

10422
2077

9870
4127

4424
2207

9892
7104

9674
3591

10022
7200

9115
3746

3705
6469

6388
2147

6219
5248

11256
2714

6222
6601

8786
4148

11596
3663

6252
3283

10622
7019

10185
7161

2976
3856

2797
5673

9957
5586

6775
6334

5201
3651

6257
2534

12495
3086

7492
5336

9124
7226

6488
1572

5045
4412

11954
6334

3682
4897

4401
5522

9982
1825

10107
5434

12726
5622

9657
3119

6837
6576

9458
1830

4778
2712

10374
2428

10834
2046

4630
4399

8824
2756

9223
3024

9875
4546

8932
6566

5755
7157

3636
2974

6684
7020

4757
2113

4013
2763

6775
7437

3371
5988

12069
3436

11239
6491

11840
6429

10130
2006

7373
6854

5791
5381

9453
7342

8180
6966

12132
4508

7158
5180

7235
3210

3534
5452

5380
6682

5734
1712

11150
4478

12519
4515

4246
3248

10427
6759

8677
1666

5521
4918

4692
5151

3996
5769

9275
5131

10970
6893

3057
5469

4350
6366

2485
4829

10109
4290

6687
7182

9158
2034

4907
6880

5111
5977

5269
2633

6009
7219

9594
5703

8086
4811

5288
5023

7076
4765

5149
5183

9897
2363

4655
6336

10567
6597

11906
6055

7414
2052

9708
1688

8090
6060

9579
2674

2942
3146

5981
1753

7441
5666

11570
2897

9414
4146

2602
4996

8088
7482

2390
4310

2688
5353

12751
4675

3564
2702

6760
2133

12941
5239

10103
6245

7162
2972

4986
4074

9180
2401

9841
6523

4264
5158

8608
1559

10238
3028

3935
5066

10372
1954

8414
5053

12253
2932

11605
5797

3961
4588

8917
2311

5048
2201

9046
3377

3508
5600

11427
2523

4053
5527

7713
3496

8503
7214

4234
6769

2983
3473

6432
7295

10176
6931

7081
6135

12117
6092

3489
3592

12325
4360

9919
1740

7983
1495

2812
5465

10003
3742

5660
7011

3902
2565

4065
6666

7068
5016

2687
4855

9786
4322

12884
5340

4321
2501

6818
1984

6366
5532

7818
1770

11093
5066

3728
2792

3441
4758

12744
5038

7028
1725

12988
4353

7963
2206

7774
7225

11607
2462

8665
3827

8282
3470

6546
4534

5533
1759

12229
3563

2757
3817

4286
4709

10132
2489

9249
6407

6179
7342

6936
7371

4487
4137

10646
4638

7200
3734

10605
3997

5758
4142

3950
2364

6513
6471

3484
5144

6405
2359

9438
5902

3946
4830

4200
4906

6091
3855

8400
4846

2956
3326

9052
1651

7387
1488

10253
4644

3379
4227

12323
5180

11367
3530

9978
2593

12826
3658

3379
4578

4609
3073

5283
5495

3412
2694

6479
2999

3126
5107

5645
3705

9638
3893

2836
3254

12099
5367

8027
6816

12073
5176

8295
7475

9861
6690

4097
6094

11397
2324

11364
4184

10730
5690

6737
5020

5183
3830

3410
6283

5514
7138

9641
4989

6229
3988

8083
2969

5903
2265

9648
2327

3649
3288

6513
6635

4464
5004

11424
3396

4158
3876

4500
2900

6558
6152

10782
6961

3933
3077

8362
3074

3903
6597

10978
5737

4545
5660

10587
4207

5115
2055

6828
4418

8508
1913

4864
3828

8592
6564

10648
5880

10817
4946

11268
2236

5004
5338

3051
3672

11122
6816

11675
2677

7408
7470

11462
2675

7592
2210

6725
6798

11958
6198

5855
4915

9305
2839

4552
3247

7952
3695

6859
1598

3122
3198

7890
2842

12135
4985

4281
3053

6470
5969

4357
6515

3392
3031

7530
1686

11024
6318

4335
6206

6789
1766

4170
4183

7903
2061

11810
5036

7842
6473

8697
6260

6368
4997

5172
6299

13039
5047

10337
5875

11531
3255

8183
4593

6694
5707

2397
4645

8459
1755

2778
5112

5928
2809

8382
6719

8054
5176

3203
6088

5462
4050

10655
6160

11178
3280

10079
6782

12470
5635

2931
5747

8017
5791

8332
3728

11547
6630

7357
3467

5908
5219

11705
6502

5969
7332

7505
7041

2390
4755

8694
7453

12500
3867

2809
4354

9121
6909

9498
6654

9870
6092

10953
6468

6453
6822

12730
3834

3512
4329

10986
6171

11240
4028

2635
5461

7840
6158

6257
7029

7177
2602

6584
2642

6696
1547

11767
4734

9214
6779

9158
5539

12763
3432

11551
2368

7235
7468

3302
4083

11844
4872

11504
5133

12176
3972

5654
2364

3880
5214

7863
2561

11974
4375

11654
4381

3060
5643

11633
3066

8421
6999

8660
7036

12761
4059

7031
4247

12391
2995

12682
3327

8054
7268

12063
5601

4761
3632

9105
4583

6850
5548

12359
5507

6479
3587

4610
5969

